//Picard lattices L of K3 surfaces with a unique elliptic fibration, infinite automorphism group, such that L does not contain a copy of the hyperbolic plane U
// dimension 3
[0 2 0; 2 -2 0; 0 0 -4]
[0 4 0; 4 -2 2; 0 2 -4]
[0 2 0; 2 -2 1; 0 1 -6]
[0 3 0; 3 -2 0; 0 0 -6]
[0 6 0; 6 -2 3; 0 3 -6]
[0 2 0; 2 -2 1; 0 1 -14]
// dimension 4
[0 2 0 0; 2 -2 0 1; 0 0 -4 -2; 0 1 -2 -6]
[0 2 0 0; 2 -2 0 0; 0 0 -4 -2; 0 0 -2 -4]
[0 2 0 0; 2 -2 1 0; 0 1 -2 0; 0 0 0 -4]
// dimension 5
[0 2 0 0 0; 2 -2 1 0 0; 0 1 -2 0 0; 0 0 0 -4 -2; 0 0 0 -2 -4]
//Total=10

//Picard lattices L of K3 surfaces with a unique elliptic fibration, infinite automorphism group, such that L contains a copy of the hyperbolic plane U
// dimension 3
[0 1 0; 1 -2 0; 0 0 -4]
[0 1 0; 1 -2 0; 0 0 -6]
[0 1 0; 1 -2 0; 0 0 -10]
[0 1 0; 1 -2 0; 0 0 -14]
[0 1 0; 1 -2 0; 0 0 -26]
// dimension 4
[0 1 0 0; 1 -2 0 0; 0 0 -6 -1; 0 0 -1 -6]
[0 1 0 0; 1 -2 0 0; 0 0 -4 0; 0 0 0 -10]
[0 1 0 0; 1 -2 0 0; 0 0 -2 -1; 0 0 -1 -10]
[0 1 0 0; 1 -2 0 0; 0 0 -4 -2; 0 0 -2 -6]
[0 1 0 0; 1 -2 0 0; 0 0 -4 0; 0 0 0 -6]
[0 1 0 0; 1 -2 0 0; 0 0 -2 -1; 0 0 -1 -6]
[0 1 0 0; 1 -2 0 0; 0 0 -4 -1; 0 0 -1 -4]
[0 1 0 0; 1 -2 0 0; 0 0 -4 -2; 0 0 -2 -4]
[0 1 0 0; 1 -2 0 0; 0 0 -2 -1; 0 0 -1 -4]
[0 1 0 0; 1 -2 0 0; 0 0 -2 0; 0 0 0 -4]
// dimension 5
[0 1 0 0 0; 1 -2 0 0 0; 0 0 -2 -1 -1; 0 0 -1 -2 -1; 0 0 -1 -1 -4]
[0 1 0 0 0; 1 -2 0 0 0; 0 0 -2 -1 0; 0 0 -1 -4 -1; 0 0 0 -1 -4]
[0 1 0 0 0; 1 -2 0 0 0; 0 0 -2 0 0; 0 0 0 -4 -2; 0 0 0 -2 -4]
[0 1 0 0 0; 1 -2 0 0 0; 0 0 -4 -2 -2; 0 0 -2 -4 -2; 0 0 -2 -2 -6]
[0 1 0 0 0; 1 -2 0 0 0; 0 0 -2 0 -1; 0 0 0 -2 0; 0 0 -1 0 -4]
[0 1 0 0 0; 1 -2 0 0 0; 0 0 -4 -1 -1; 0 0 -1 -4 1; 0 0 -1 1 -4]
[0 1 0 0 0; 1 -2 0 0 0; 0 0 -2 0 1; 0 0 0 -2 -1; 0 0 1 -1 -6]
[0 1 0 0 0; 1 -2 0 0 0; 0 0 -2 0 1; 0 0 0 -2 -1; 0 0 1 -1 -4]
[0 1 0 0 0; 1 -2 0 0 0; 0 0 -4 1 2; 0 0 1 -4 1; 0 0 2 1 -4]
[0 1 0 0 0; 1 -2 0 0 0; 0 0 -2 1 -1; 0 0 1 -4 2; 0 0 -1 2 -4]
[0 1 0 0 0; 1 -2 0 0 0; 0 0 -2 -1 0; 0 0 -1 -2 0; 0 0 0 0 -4]
[0 1 0 0 0; 1 -2 0 0 0; 0 0 -2 0 -1; 0 0 0 -4 0; 0 0 -1 0 -6]
// dimension 6
[0 1 0 0 0 0; 1 -2 0 0 0 0; 0 0 -2 0 0 -1; 0 0 0 -2 0 -1; 0 0 0 0 -2 -1; 0 0 -1 -1 -1 -4]
[0 1 0 0 0 0; 1 -2 0 0 0 0; 0 0 -2 -1 0 0; 0 0 -1 -2 0 0; 0 0 0 0 -2 -1; 0 0 0 0 -1 -4]
[0 1 0 0 0 0; 1 -2 0 0 0 0; 0 0 -2 -1 -1 0; 0 0 -1 -2 0 -1; 0 0 -1 0 -2 0; 0 0 0 -1 0 -4]
[0 1 0 0 0 0; 1 -2 0 0 0 0; 0 0 -2 -1 0 0; 0 0 -1 -4 -2 -1; 0 0 0 -2 -4 -2; 0 0 0 -1 -2 -4]
[0 1 0 0 0 0; 1 -2 0 0 0 0; 0 0 -2 -1 -1 0; 0 0 -1 -2 0 -1; 0 0 -1 0 -4 -1; 0 0 0 -1 -1 -4]
[0 1 0 0 0 0; 1 -2 0 0 0 0; 0 0 -2 0 -1 -1; 0 0 0 -2 -1 0; 0 0 -1 -1 -4 -2; 0 0 -1 0 -2 -4]
[0 1 0 0 0 0; 1 -2 0 0 0 0; 0 0 -2 -1 -1 -1; 0 0 -1 -2 0 -1; 0 0 -1 0 -4 -2; 0 0 -1 -1 -2 -4]
[0 1 0 0 0 0; 1 -2 0 0 0 0; 0 0 -2 -1 0 -1; 0 0 -1 -2 0 0; 0 0 0 0 -2 -1; 0 0 -1 0 -1 -4]
[0 1 0 0 0 0; 1 -2 0 0 0 0; 0 0 -2 -1 -1 -1; 0 0 -1 -2 0 0; 0 0 -1 0 -2 0; 0 0 -1 0 0 -4]
[0 1 0 0 0 0; 1 -2 0 0 0 0; 0 0 -2 0 0 0; 0 0 0 -2 0 1; 0 0 0 0 -2 1; 0 0 0 1 1 -4]
// dimension 7
[0 1 0 0 0 0 0; 1 -2 0 0 0 0 0; 0 0 -2 0 0 -1 0; 0 0 0 -2 0 -1 -1; 0 0 0 0 -2 0 -1; 0 0 -1 -1 0 -2 0; 0 0 0 -1 -1 0 -4]
[0 1 0 0 0 0 0; 1 -2 0 0 0 0 0; 0 0 -2 -1 -1 0 0; 0 0 -1 -2 0 -1 0; 0 0 -1 0 -2 0 -1; 0 0 0 -1 0 -4 -2; 0 0 0 0 -1 -2 -4]
[0 1 0 0 0 0 0; 1 -2 0 0 0 0 0; 0 0 -2 -1 0 -1 0; 0 0 -1 -2 0 0 0; 0 0 0 0 -2 -1 0; 0 0 -1 0 -1 -2 -1; 0 0 0 0 0 -1 -4]
[0 1 0 0 0 0 0; 1 -2 0 0 0 0 0; 0 0 -2 -1 1 0 1; 0 0 -1 -2 0 0 1; 0 0 1 0 -2 0 -1; 0 0 0 0 0 -2 1; 0 0 1 1 -1 1 -4]
[0 1 0 0 0 0 0; 1 -2 0 0 0 0 0; 0 0 -2 -1 -1 1 1; 0 0 -1 -2 -1 0 1; 0 0 -1 -1 -2 1 1; 0 0 1 0 1 -2 -1; 0 0 1 1 1 -1 -4]
[0 1 0 0 0 0 0; 1 -2 0 0 0 0 0; 0 0 -2 0 0 0 1; 0 0 0 -2 -1 0 1; 0 0 0 -1 -2 0 0; 0 0 0 0 0 -2 -1; 0 0 1 1 0 -1 -4]
// dimension 8
[0 1 0 0 0 0 0 0; 1 -2 0 0 0 0 0 0; 0 0 -2 -1 -1 -1 -1 -1; 0 0 -1 -2 -1 0 -1 0; 0 0 -1 -1 -2 0 0 -1; 0 0 -1 0 0 -2 -1 0; 0 0 -1 -1 0 -1 -2 0; 0 0 -1 0 -1 0 0 -4]
[0 1 0 0 0 0 0 0; 1 -2 0 0 0 0 0 0; 0 0 -2 1 -1 -1 0 1; 0 0 1 -2 0 1 0 -1; 0 0 -1 0 -2 -1 0 1; 0 0 -1 1 -1 -2 0 1; 0 0 0 0 0 0 -2 1; 0 0 1 -1 1 1 1 -4]
[0 1 0 0 0 0 0 0; 1 -2 0 0 0 0 0 0; 0 0 -2 1 1 -1 -1 1; 0 0 1 -2 -1 0 0 -1; 0 0 1 -1 -2 0 0 0; 0 0 -1 0 0 -2 -1 0; 0 0 -1 0 0 -1 -2 1; 0 0 1 -1 0 0 1 -4]
[0 1 0 0 0 0 0 0; 1 -2 0 0 0 0 0 0; 0 0 -2 0 0 0 0 -1; 0 0 0 -2 -1 -1 1 1; 0 0 0 -1 -2 0 0 1; 0 0 0 -1 0 -2 1 1; 0 0 0 1 0 1 -2 -1; 0 0 -1 1 1 1 -1 -4]
// dimension 9
[0 1 0 0 0 0 0 0 0; 1 -2 0 0 0 0 0 0 0; 0 0 -2 -1 -1 -1 1 1 -1; 0 0 -1 -2 0 -1 1 1 0; 0 0 -1 0 -2 0 1 0 0; 0 0 -1 -1 0 -2 1 1 -1; 0 0 1 1 1 1 -2 -1 0; 0 0 1 1 0 1 -1 -2 0; 0 0 -1 0 0 -1 0 0 -4]
// dimension 10
[0 1 0 0 0 0 0 0 0 0; 1 -2 0 0 0 0 0 0 0 0; 0 0 -2 1 1 1 -1 -1 -1 1; 0 0 1 -2 -1 -1 1 1 0 -1; 0 0 1 -1 -2 -1 0 0 1 0; 0 0 1 -1 -1 -2 0 1 1 0; 0 0 -1 1 0 0 -2 -1 0 1; 0 0 -1 1 0 1 -1 -2 0 1; 0 0 -1 0 1 1 0 0 -2 0; 0 0 1 -1 0 0 1 1 0 -4]
//Total=49
