//Picard lattices L of K3 surfaces with a unique elliptic fibration and finite automorphism group
// dimension 3
[0 1 0; 1 -2 0; 0 0 -2]
[-2 2 1; 2 -2 1; 1 1 -2]
// dimension 4
[0 1 0 0; 1 -2 0 0; 0 0 -2 0; 0 0 0 -2]
[0 1 0 0; 1 -2 0 0; 0 0 -2 1; 0 0 1 -2]
[4 0 0 0; 0 -2 1 0; 0 1 -2 1; 0 0 1 -2]
// dimension 5
[0 1 0 0 0; 1 -2 0 0 0; 0 0 -2 0 0; 0 0 0 -2 0; 0 0 0 0 -2]
[0 1 0 0 0; 1 -2 0 0 0; 0 0 -2 1 0; 0 0 1 -2 0; 0 0 0 0 -2]
[0 1 0 0 0; 1 -2 0 0 0; 0 0 -2 1 0; 0 0 1 -2 1; 0 0 0 1 -2]
[8 0 0 0 0; 0 -2 0 -1 0; 0 0 -2 1 0; 0 -1 1 -2 1; 0 0 0 1 -2]
// dimension 6
[0 1 0 0 0 0; 1 -2 0 0 0 0; 0 0 -2 1 0 0; 0 0 1 -2 1 0; 0 0 0 1 -2 1; 0 0 0 0 1 -2]
[0 1 0 0 0 0; 1 -2 0 0 0 0; 0 0 -2 1 0 0; 0 0 1 -2 1 0; 0 0 0 1 -2 0; 0 0 0 0 0 -2]
[0 1 0 0 0 0; 1 -2 0 0 0 0; 0 0 -2 1 0 0; 0 0 1 -2 0 0; 0 0 0 0 -2 1; 0 0 0 0 1 -2]
[0 1 0 0 0 0; 1 -2 0 0 0 0; 0 0 -2 1 0 0; 0 0 1 -2 0 0; 0 0 0 0 -2 0; 0 0 0 0 0 -2]
[0 1 0 0 0 0; 1 -2 0 0 0 0; 0 0 -2 0 -1 0; 0 0 0 -2 1 0; 0 0 -1 1 -2 1; 0 0 0 0 1 -2]
// dimension 7
[0 1 0 0 0 0 0; 1 -2 0 0 0 0 0; 0 0 -2 0 -1 0 0; 0 0 0 -2 1 0 0; 0 0 -1 1 -2 1 0; 0 0 0 0 1 -2 0; 0 0 0 0 0 0 -2]
[0 1 0 0 0 0 0; 1 -2 0 0 0 0 0; 0 0 -2 1 0 0 0; 0 0 1 -2 0 0 0; 0 0 0 0 -2 1 0; 0 0 0 0 1 -2 0; 0 0 0 0 0 0 -2]
[0 1 0 0 0 0 0; 1 -2 0 0 0 0 0; 0 0 -2 1 0 0 0; 0 0 1 -2 1 0 0; 0 0 0 1 -2 0 0; 0 0 0 0 0 -2 1; 0 0 0 0 0 1 -2]
[0 1 0 0 0 0 0; 1 -2 0 0 0 0 0; 0 0 -2 1 0 0 0; 0 0 1 -2 1 0 0; 0 0 0 1 -2 1 0; 0 0 0 0 1 -2 0; 0 0 0 0 0 0 -2]
[0 1 0 0 0 0 0; 1 -2 0 0 0 0 0; 0 0 -2 1 0 0 0; 0 0 1 -2 1 0 0; 0 0 0 1 -2 1 0; 0 0 0 0 1 -2 1; 0 0 0 0 0 1 -2]
[0 1 0 0 0 0 0; 1 -2 0 0 0 0 0; 0 0 -2 0 -1 0 0; 0 0 0 -2 1 0 0; 0 0 -1 1 -2 1 0; 0 0 0 0 1 -2 1; 0 0 0 0 0 1 -2]
// dimension 8
[0 1 0 0 0 0 0 0; 1 -2 0 0 0 0 0 0; 0 0 -2 0 -1 0 0 0; 0 0 0 -2 1 0 0 0; 0 0 -1 1 -2 1 0 0; 0 0 0 0 1 -2 1 0; 0 0 0 0 0 1 -2 1; 0 0 0 0 0 0 1 -2]
[0 1 0 0 0 0 0 0; 1 -2 0 0 0 0 0 0; 0 0 -2 1 0 0 0 0; 0 0 1 -2 1 0 0 0; 0 0 0 1 -2 1 0 0; 0 0 0 0 1 -2 0 0; 0 0 0 0 0 0 -2 1; 0 0 0 0 0 0 1 -2]
[0 1 0 0 0 0 0 0; 1 -2 0 0 0 0 0 0; 0 0 -2 1 0 0 0 0; 0 0 1 -2 1 0 0 0; 0 0 0 1 -2 1 0 0; 0 0 0 0 1 -2 1 0; 0 0 0 0 0 1 -2 1; 0 0 0 0 0 0 1 -2]
[0 1 0 0 0 0 0 0; 1 -2 0 0 0 0 0 0; 0 0 -2 0 -1 0 0 0; 0 0 0 -2 1 0 0 0; 0 0 -1 1 -2 1 0 0; 0 0 0 0 1 -2 0 0; 0 0 0 0 0 0 -2 1; 0 0 0 0 0 0 1 -2]
[0 1 0 0 0 0 0 0; 1 -2 0 0 0 0 0 0; 0 0 -2 0 -1 0 0 0; 0 0 0 -2 1 0 0 0; 0 0 -1 1 -2 1 0 0; 0 0 0 0 1 -2 1 0; 0 0 0 0 0 1 -2 0; 0 0 0 0 0 0 0 -2]
[0 1 0 0 0 0 0 0; 1 -2 0 0 0 0 0 0; 0 0 -2 1 0 0 0 0; 0 0 1 -2 1 0 0 0; 0 0 0 1 -2 1 0 1; 0 0 0 0 1 -2 1 0; 0 0 0 0 0 1 -2 0; 0 0 0 0 1 0 0 -2]
// dimension 9
[0 1 0 0 0 0 0 0 0; 1 -2 0 0 0 0 0 0 0; 0 0 -2 1 0 0 0 0 0; 0 0 1 -2 1 0 0 0 0; 0 0 0 1 -2 1 0 0 0; 0 0 0 0 1 -2 1 0 1; 0 0 0 0 0 1 -2 1 0; 0 0 0 0 0 0 1 -2 0; 0 0 0 0 0 1 0 0 -2]
[0 1 0 0 0 0 0 0 0; 1 -2 0 0 0 0 0 0 0; 0 0 -2 0 -1 0 0 0 0; 0 0 0 -2 1 0 0 0 0; 0 0 -1 1 -2 1 0 0 0; 0 0 0 0 1 -2 1 0 0; 0 0 0 0 0 1 -2 0 0; 0 0 0 0 0 0 0 -2 1; 0 0 0 0 0 0 0 1 -2]
[0 1 0 0 0 0 0 0 0; 1 -2 0 0 0 0 0 0 0; 0 0 -2 0 -1 0 0 0 0; 0 0 0 -2 1 0 0 0 0; 0 0 -1 1 -2 1 0 0 0; 0 0 0 0 1 -2 1 0 0; 0 0 0 0 0 1 -2 1 0; 0 0 0 0 0 0 1 -2 1; 0 0 0 0 0 0 0 1 -2]
[0 1 0 0 0 0 0 0 0; 1 -2 0 0 0 0 0 0 0; 0 0 -2 1 0 0 0 0 0; 0 0 1 -2 1 0 0 0 0; 0 0 0 1 -2 1 0 1 0; 0 0 0 0 1 -2 1 0 0; 0 0 0 0 0 1 -2 0 0; 0 0 0 0 1 0 0 -2 0; 0 0 0 0 0 0 0 0 -2]
// dimension 10
[0 1 0 0 0 0 0 0 0 0; 1 -2 0 0 0 0 0 0 0 0; 0 0 -4 2 0 0 0 0 0 -1; 0 0 2 -2 1 0 0 0 0 0; 0 0 0 1 -2 1 0 0 0 0; 0 0 0 0 1 -2 1 0 0 0; 0 0 0 0 0 1 -2 1 0 0; 0 0 0 0 0 0 1 -2 1 0; 0 0 0 0 0 0 0 1 -2 0; 0 0 -1 0 0 0 0 0 0 -2]
// dimension 11
[0 1 0 0 0 0 0 0 0 0 0; 1 -2 0 0 0 0 0 0 0 0 0; 0 0 -4 2 0 0 0 0 0 -1 0; 0 0 2 -2 1 0 0 0 0 0 0; 0 0 0 1 -2 1 0 0 0 0 0; 0 0 0 0 1 -2 1 0 0 0 0; 0 0 0 0 0 1 -2 1 0 0 0; 0 0 0 0 0 0 1 -2 1 0 0; 0 0 0 0 0 0 0 1 -2 0 0; 0 0 -1 0 0 0 0 0 0 -2 0; 0 0 0 0 0 0 0 0 0 0 -2]
// dimension 12
[0 1 0 0 0 0 0 0 0 0 0 0; 1 -2 0 0 0 0 0 0 0 0 0 0; 0 0 -4 2 0 0 0 0 0 -1 0 0; 0 0 2 -2 1 0 0 0 0 0 0 0; 0 0 0 1 -2 1 0 0 0 0 0 0; 0 0 0 0 1 -2 1 0 0 0 0 0; 0 0 0 0 0 1 -2 1 0 0 0 0; 0 0 0 0 0 0 1 -2 1 0 0 0; 0 0 0 0 0 0 0 1 -2 0 0 0; 0 0 -1 0 0 0 0 0 0 -2 0 0; 0 0 0 0 0 0 0 0 0 0 -2 1; 0 0 0 0 0 0 0 0 0 0 1 -2]
//Total=33